https://upload.wikimedia.org/wikipedia/commons/thumb/6/60/Insoo_peak.jpg/450px-Insoo_peak.jpg
북한산
서울특별시 강북구/도봉구/은평구/성북구/종로구
835.6
37.612915, 126.982130
37.613663, 126.981518
37.614067, 126.980548
37.614229, 126.979502
37.616588, 126.977970
37.617790, 126.977575
37.618847, 126.977545
37.620169, 126.977393
37.621059, 126.977150
37.620968, 126.975846
37.621257, 126.974487
37.621600, 126.972647
37.622229, 126.971456
37.623057, 126.971312
37.624944, 126.972178
37.627402, 126.973260
37.628517, 126.974343
37.629803, 126.974812
37.631060, 126.974992
37.631803, 126.975101
37.632203, 126.973188
37.632918, 126.971348
37.634175, 126.970085