https://upload.wikimedia.org/wikipedia/commons/thumb/8/81/Gwanaksan_Seoul_KR.jpg/450px-Gwanaksan_Seoul_KR.jpg
관악산
서울특별시 관악구/금천구
632
37.447313, 126.949561
37.446563, 126.949240
37.446154, 126.948999
37.445708, 126.949484
37.445688, 126.951322
37.446033, 126.953414
37.445688, 126.954817
37.445243, 126.955634
37.444614, 126.955940
37.443541, 126.956348
37.443156, 126.957344
37.442670, 126.958441
37.441859, 126.958696
37.441211, 126.958747
37.440725, 126.959411
37.440704, 126.960763
37.440623, 126.961860
37.440947, 126.962958
37.441897, 126.963902
37.442499, 126.964335
37.442413, 126.965345
37.442126, 126.966320