https://upload.wikimedia.org/wikipedia/commons/thumb/6/65/Gwanggyosan_from_Hwaseong.JPG/450px-Gwanggyosan_from_Hwaseong.JPG
광교산
수원시 장안구
587
37.335867, 127.019355
37.336976, 127.020448
37.337748, 127.021358
37.338424, 127.022087
37.338858, 127.022815
37.338955, 127.024089
37.338907, 127.025546
37.338762, 127.027488
37.338424, 127.028884
37.338135, 127.030098
37.337604, 127.031433
37.338665, 127.031615
37.339775, 127.031858
37.340885, 127.031797
37.342091, 127.032161
37.343056, 127.032647
37.344214, 127.033132
37.344842, 127.034286